"service_id","date","exception_type"
1,20171003,2
2,20171003,2
3,20171003,1
5,20171003,1
7,20171003,2
7,20171031,2
8,20170925,1
8,20171002,1
8,20171016,1
8,20171023,1
8,20170926,1
8,20171017,1
8,20171024,1
8,20170927,1
8,20171004,1
8,20171018,1
8,20171025,1
8,20170928,1
8,20171005,1
8,20171019,1
8,20171026,1
8,20170929,1
8,20171006,1
8,20171020,1
8,20171027,1
9,20170925,2
9,20171002,2
9,20171016,2
9,20171023,2
9,20170926,2
9,20171003,2
9,20171017,2
9,20171024,2
9,20171031,2
9,20170927,2
9,20171004,2
9,20171018,2
9,20171025,2
9,20170928,2
9,20171005,2
9,20171019,2
9,20171026,2
9,20170929,2
9,20171006,2
9,20171020,2
9,20171027,2
10,20171003,1
10,20171031,1
11,20171003,2
11,20171031,2
12,20171003,1
12,20171031,1
12,20171001,2
13,20171001,1
15,20171020,2
15,20171117,2
16,20171020,1
16,20171117,1
17,20171003,1
17,20171031,1
18,20171003,2
18,20171031,2
18,20171020,2
18,20171117,2
20,20171003,1
20,20171031,1
20,20170910,2
21,20170910,1
22,20171003,2
22,20171031,2
22,20170909,2
23,20170909,1
24,20170909,2
25,20171002,2
25,20171030,2
25,20171003,2
25,20171031,2
26,20171020,2
26,20171117,2
27,20170909,2
27,20170910,2
28,20170910,2
29,20170909,2
30,20171003,2
30,20171031,2
30,20170909,2
30,20170910,2
31,20170909,1
31,20170910,1
33,20170925,1
33,20170923,1
33,20170924,1
34,20170923,1
34,20170924,1
35,20170923,1
36,20170922,1
36,20170923,1
36,20170924,1
37,20171006,1
38,20171002,1
38,20171009,1
38,20171004,1
38,20171014,1
39,20171014,1
40,20171010,1
40,20171004,1
40,20171011,1
40,20171012,1
40,20171013,1
41,20171014,1
41,20171008,1
42,20171003,1
43,20171007,1
44,20170914,1
45,20171008,1
46,20170911,1
46,20170918,1
46,20170912,1
46,20170919,1
46,20170913,1
46,20170920,1
46,20170907,1
46,20170914,1
46,20170921,1
46,20170908,1
46,20170915,1
46,20170916,1
46,20170917,1
47,20170908,1
48,20170922,1
49,20170911,1
51,20171016,1
51,20171023,1
51,20171030,1
51,20171010,1
51,20171017,1
51,20171024,1
51,20171011,1
51,20171018,1
51,20171025,1
51,20171012,1
51,20171026,1
51,20171013,1
51,20171027,1
51,20171014,1
51,20171021,1
51,20171028,1
51,20171015,1
51,20171022,1
51,20171029,1
52,20171009,1
52,20171016,1
52,20171010,1
52,20171017,1
52,20171011,1
52,20171018,1
52,20171012,1
52,20171013,1
52,20171014,1
52,20171015,1
53,20170909,1
53,20170916,1
53,20170917,1
54,20170924,1
54,20171001,1
55,20170925,1
55,20171002,1
56,20170918,1
57,20170924,1
58,20171016,1
59,20171008,2
60,20170923,1
60,20170930,1
60,20170924,1
61,20170918,1
61,20170925,1
61,20171002,1
62,20170915,1
63,20170907,1
64,20171016,1
64,20171023,1
64,20171010,1
64,20171017,1
64,20171024,1
64,20171011,1
64,20171018,1
64,20171025,1
64,20171012,1
64,20171026,1
64,20171013,1
64,20171027,1
65,20171016,1
65,20171023,1
65,20171010,1
65,20171017,1
65,20171024,1
65,20171011,1
65,20171018,1
65,20171025,1
65,20171012,1
65,20171026,1
65,20171013,1
65,20171027,1
65,20171014,1
65,20171028,1
65,20171015,1
65,20171029,1
66,20171016,1
66,20171023,1
66,20171010,1
66,20171017,1
66,20171024,1
66,20171011,1
66,20171018,1
66,20171025,1
66,20171012,1
66,20171026,1
66,20171013,1
66,20171027,1
66,20171014,1
66,20171021,1
66,20171028,1
66,20171015,1
66,20171022,1
66,20171029,1
67,20170922,1
67,20170923,1
68,20170927,1
69,20171003,1
69,20171004,1
69,20170930,1
70,20170923,1
70,20170930,1
71,20171002,1
71,20170923,1
71,20170930,1
72,20171002,1
72,20171003,1
72,20170923,1
72,20170930,1
72,20170924,1
73,20171002,1
74,20171002,1
74,20170930,1
75,20171002,1
75,20171003,1
75,20170930,1
76,20171002,1
76,20171003,1
76,20170923,1
76,20170924,1
77,20170929,1
77,20170923,1
77,20170924,1
78,20171002,1
78,20171003,1
79,20171002,1
79,20171003,1
79,20170929,1
79,20170923,1
79,20170924,1
80,20170925,1
80,20171003,1
80,20170930,1
80,20170924,1
81,20171003,1
81,20170924,1
82,20170912,1
82,20170913,1
83,20171023,1
83,20171021,1
83,20171022,1
84,20171021,1
84,20171022,1
85,20171020,1
85,20171021,1
85,20171022,1
86,20171009,1
86,20171016,1
86,20171010,1
86,20171017,1
86,20171011,1
86,20171018,1
86,20171012,1
86,20171013,1
86,20171020,1
86,20171014,1
86,20171021,1
86,20171015,1
86,20171022,1
87,20170912,1
88,20171016,1
88,20171023,1
88,20171010,1
88,20171017,1
88,20171024,1
88,20171011,1
88,20171018,1
88,20171025,1
88,20171012,1
88,20171019,1
88,20171026,1
88,20171013,1
88,20171027,1
88,20171014,1
88,20171021,1
88,20171028,1
88,20171015,1
88,20171022,1
88,20171029,1
89,20171014,1
89,20171021,1
89,20171015,1
89,20171022,1
90,20171016,1
90,20171010,1
90,20171017,1
90,20171011,1
90,20171018,1
90,20171012,1
90,20171013,1
91,20171009,1
91,20171016,1
91,20171023,1
91,20171030,1
91,20171010,1
91,20171017,1
91,20171024,1
91,20171011,1
91,20171018,1
91,20171025,1
91,20171012,1
91,20171026,1
91,20171013,1
91,20171020,1
91,20171027,1
91,20171014,1
91,20171021,1
91,20171028,1
91,20171015,1
91,20171022,1
91,20171029,1
92,20171013,1
93,20170927,1
93,20170917,1
94,20170917,1
95,20170926,1
96,20170926,1
96,20170916,1
96,20171007,1
97,20170925,1
97,20170924,1
98,20170925,1
98,20171003,1
98,20171004,1
98,20170930,1
99,20171003,1
99,20170923,1
99,20170930,1
99,20170924,1
100,20171031,1
101,20171002,1
101,20171001,1
102,20170925,1
102,20171002,1
102,20171001,1
103,20171014,1
103,20171015,1
104,20171003,1
104,20171104,2
104,20171111,2
104,20171118,2
104,20171125,2
104,20171202,2
104,20171209,2
104,20171105,2
104,20171112,2
104,20171119,2
104,20171126,2
104,20171203,2
106,20170930,1
106,20171001,1
107,20170916,1
108,20170926,1
108,20171007,1
109,20171009,1
109,20171004,1
110,20171003,1
110,20171010,1
110,20171004,1
110,20171011,1
110,20171012,1
110,20171013,1
110,20171014,1
110,20171008,1
111,20171003,1
111,20171014,1
111,20171008,1
112,20171003,1
112,20171031,1
112,20170909,2
112,20170910,2
113,20171003,2
113,20171031,2
113,20171001,1
113,20171029,1
114,20171003,1
114,20171031,1
114,20171001,2
114,20171029,2
116,20171004,1
116,20171101,1
117,20171003,1
117,20171031,1
118,20171003,2
118,20171031,2
120,20171003,2
120,20171031,2
120,20171104,1
120,20171111,1
120,20171118,1
120,20171125,1
120,20171202,1
120,20171209,1
120,20171105,1
120,20171112,1
120,20171119,1
120,20171126,1
120,20171203,1
121,20171003,1
121,20171031,1
121,20171104,2
121,20171111,2
121,20171118,2
121,20171125,2
121,20171202,2
121,20171209,2
121,20171105,2
121,20171112,2
121,20171119,2
121,20171126,2
121,20171203,2
122,20171106,1
122,20171113,1
122,20171120,1
122,20171127,1
122,20171204,1
122,20171107,1
122,20171114,1
122,20171121,1
122,20171128,1
122,20171205,1
122,20171108,1
122,20171115,1
122,20171122,1
122,20171129,1
122,20171206,1
122,20171109,1
122,20171116,1
122,20171123,1
122,20171130,1
122,20171207,1
122,20171110,1
122,20171117,1
122,20171124,1
122,20171201,1
122,20171208,1
122,20171111,1
122,20171118,1
122,20171125,1
122,20171202,1
122,20171209,1
122,20171112,1
122,20171119,1
122,20171126,1
122,20171203,1
123,20171106,2
123,20171113,2
123,20171120,2
123,20171127,2
123,20171204,2
123,20171107,2
123,20171114,2
123,20171121,2
123,20171128,2
123,20171205,2
123,20171108,2
123,20171115,2
123,20171122,2
123,20171129,2
123,20171206,2
123,20171109,2
123,20171116,2
123,20171123,2
123,20171130,2
123,20171207,2
123,20171110,2
123,20171117,2
123,20171124,2
123,20171201,2
123,20171208,2
123,20171111,2
123,20171118,2
123,20171125,2
123,20171202,2
123,20171209,2
123,20171112,2
123,20171119,2
123,20171126,2
123,20171203,2
124,20171003,2
124,20171031,2
125,20170925,2
125,20170923,2
125,20170924,2
126,20171002,2
126,20171003,2
126,20171031,2
126,20170923,2
126,20170930,2
127,20171002,2
127,20171003,2
127,20170923,2
127,20170930,2
127,20170924,2
128,20170930,1
129,20170923,2
129,20170930,2
129,20170924,2
130,20171002,2
130,20171003,2
130,20170923,2
130,20170930,2
130,20170924,2
130,20171001,2
131,20171002,2
131,20171003,2
131,20170923,2
131,20170924,2
132,20171002,2
132,20171003,2
132,20170923,2
132,20170924,2
132,20171001,2
133,20171002,1
133,20171003,1
133,20170929,1
134,20171002,2
134,20171003,2
134,20170922,2
134,20170929,2
134,20170923,2
134,20170924,2
135,20171002,2
135,20171003,2
135,20170922,2
135,20170929,2
135,20171006,2
135,20170923,2
135,20170924,2
136,20171003,1
136,20171031,1
136,20170923,1
136,20170930,1
136,20170924,1
137,20170923,2
137,20170930,2
137,20170924,2
138,20171002,2
138,20171003,2
138,20170922,2
138,20170923,2
138,20170930,2
138,20170924,2
139,20171002,2
139,20171003,2
139,20171031,2
140,20171003,2
140,20171004,2
140,20170930,2
140,20170924,2
141,20170923,2
142,20171031,1
142,20170923,2
142,20170930,2
142,20170924,2
143,20171003,1
143,20170923,1
143,20170924,1
144,20171031,1
144,20170923,2
144,20170924,2
145,20171002,1
145,20171003,1
145,20170923,1
145,20170924,1
145,20171029,1
146,20171002,2
146,20171003,2
146,20170923,2
146,20170924,2
146,20171029,2
147,20171002,2
147,20171003,2
147,20170929,2
147,20170923,2
147,20170924,2
148,20170922,1
148,20171006,1
149,20170925,2
149,20171003,2
149,20171004,2
149,20170930,2
149,20170924,2
150,20170925,1
150,20171003,1
150,20171004,1
150,20170930,1
150,20170924,1
151,20170923,2
151,20170930,2
152,20171002,2
152,20171003,2
152,20170922,2
152,20170923,2
152,20170924,2
153,20170923,2
153,20170924,2
154,20171003,2
154,20171031,2
154,20170923,2
155,20170923,2
155,20170924,2
156,20170922,2
156,20170923,2
156,20170924,2
157,20171003,1
157,20171031,1
157,20170924,2
158,20170922,1
158,20170923,1
158,20171028,1
158,20171104,1
158,20171111,1
159,20170922,2
159,20170923,2
159,20171028,2
159,20171104,2
159,20171111,2
160,20171003,1
160,20171031,1
160,20170923,1
161,20171003,1
161,20171031,1
161,20170910,2
164,20170916,2
165,20170908,2
165,20170915,2
165,20170922,2
166,20170908,1
166,20170915,1
167,20170911,2
167,20170918,2
167,20170925,2
167,20170912,2
167,20170919,2
167,20170926,2
167,20171003,2
167,20170913,2
167,20170920,2
167,20170927,2
167,20170907,2
167,20170914,2
167,20170921,2
167,20170928,2
167,20170908,2
167,20170915,2
167,20170922,2
167,20170929,2
167,20170909,2
167,20170916,2
167,20170923,2
167,20170930,2
167,20170910,2
167,20170917,2
167,20170924,2
167,20171001,2
168,20170911,1
168,20170912,1
168,20170913,1
168,20170907,1
168,20170914,1
168,20170908,1
168,20170915,1
168,20170909,1
168,20170910,1
169,20170918,1
169,20170919,1
169,20170920,1
170,20170925,1
170,20170926,1
170,20171003,1
170,20170927,1
170,20170928,1
170,20170929,1
170,20170930,1
170,20170924,1
170,20171001,1
171,20170921,1
171,20170922,1
171,20170923,1
172,20171002,1
172,20171030,1
173,20170911,1
173,20170918,1
173,20170912,1
173,20170919,1
173,20170913,1
173,20170920,1
173,20170914,1
173,20170915,1
174,20170911,2
174,20170918,2
174,20170912,2
174,20170919,2
174,20171003,2
174,20171031,2
174,20170913,2
174,20170920,2
174,20170914,2
174,20170915,2
175,20170909,1
175,20170916,1
175,20170910,1
175,20170917,1
176,20170911,1
176,20170918,1
176,20170912,1
176,20170919,1
176,20170913,1
176,20170920,1
176,20170914,1
176,20170915,1
176,20170909,1
176,20170916,1
177,20170911,1
177,20170918,1
177,20170912,1
177,20170919,1
177,20170913,1
177,20170920,1
177,20170914,1
177,20170915,1
177,20170909,1
177,20170916,1
177,20170910,1
177,20170917,1
178,20170911,1
178,20170918,1
178,20170912,1
178,20170919,1
178,20170913,1
178,20170920,1
178,20170914,1
178,20170908,1
178,20170915,1
178,20170909,1
178,20170916,1
178,20170910,1
178,20170917,1
179,20170911,2
179,20170918,2
179,20170912,2
179,20170919,2
179,20171003,2
179,20171031,2
179,20170913,2
179,20170920,2
179,20170914,2
179,20170915,2
179,20170909,2
179,20170916,2
180,20170911,2
180,20170918,2
180,20170912,2
180,20170919,2
180,20170913,2
180,20170920,2
180,20170914,2
180,20170915,2
180,20170909,2
180,20170916,2
180,20170910,2
180,20170917,2
181,20171003,1
181,20171031,1
181,20170909,2
181,20170916,2
181,20170910,2
181,20170917,2
182,20171003,1
182,20171031,1
182,20170910,2
182,20170917,2
183,20170911,2
183,20170918,2
183,20170912,2
183,20170919,2
183,20170913,2
183,20170920,2
183,20170914,2
183,20170908,2
183,20170915,2
183,20170909,2
183,20170916,2
183,20170910,2
183,20170917,2
184,20170908,1
184,20170915,1
184,20170909,1
184,20170916,1
185,20171002,1
185,20171030,1
185,20170908,2
185,20170915,2
185,20170909,2
185,20170916,2
186,20171002,2
186,20171030,2
187,20171004,2
187,20171101,2
188,20171016,2
188,20171004,1
188,20171101,1
189,20171003,1
189,20171031,1
189,20170909,1
189,20170916,1
189,20170923,1
189,20170930,1
189,20171021,1
189,20171028,1
189,20170910,1
189,20170917,1
189,20170924,1
189,20171001,1
189,20171022,1
189,20171029,1
190,20171007,1
190,20171008,1
191,20171014,2
191,20171015,2
192,20171003,1
192,20171031,1
192,20170909,1
192,20170916,1
192,20170923,1
192,20170930,1
192,20171021,1
192,20171028,1
192,20171015,2
192,20171105,2
192,20171112,2
192,20171119,2
192,20171126,2
192,20171203,2
193,20171009,2
193,20171010,2
193,20171011,2
193,20171012,2
193,20171013,2
194,20171012,1
194,20171013,1
195,20171009,1
195,20171010,1
195,20171011,1
196,20171009,2
196,20171010,2
196,20171004,2
196,20171011,2
196,20171005,2
196,20171012,2
196,20171006,2
196,20171013,2
196,20171007,2
196,20171008,2
197,20171009,1
197,20171010,1
197,20171004,1
197,20171011,1
197,20171005,1
197,20171012,1
197,20171006,1
197,20171013,1
197,20171007,1
197,20171008,1
198,20171002,1
198,20171030,1
199,20171002,2
199,20171030,2
200,20171003,1
200,20171031,1
200,20171007,2
201,20170912,2
201,20171003,2
201,20171031,2
201,20170913,2
202,20171009,2
202,20171106,2
202,20171113,2
202,20171120,2
202,20171127,2
202,20171204,2
202,20171010,2
202,20171107,2
202,20171114,2
202,20171121,2
202,20171128,2
202,20171205,2
202,20170913,1
202,20170920,1
202,20170927,1
202,20171018,1
202,20171025,1
202,20171101,1
202,20171005,2
202,20171012,2
202,20171109,2
202,20171116,2
202,20171123,2
202,20171130,2
202,20171207,2
202,20171006,2
202,20171013,2
202,20171110,2
202,20171117,2
202,20171124,2
202,20171201,2
202,20171208,2
202,20171007,2
202,20171111,2
202,20171118,2
202,20171125,2
202,20171202,2
202,20171209,2
202,20171008,2
202,20171112,2
202,20171119,2
202,20171126,2
202,20171203,2
203,20171009,2
203,20171120,2
203,20171003,2
203,20171010,2
203,20171031,2
203,20171121,2
203,20171004,2
203,20171011,2
203,20171122,2
203,20171005,2
203,20171012,2
203,20171123,2
203,20171006,2
203,20171013,2
203,20171124,2
204,20171009,1
204,20171010,1
204,20171004,1
204,20171011,1
204,20171005,1
204,20171012,1
204,20171006,1
204,20171013,1
205,20171120,1
205,20171003,1
205,20171031,1
205,20171121,1
205,20171122,1
205,20171123,1
205,20171124,1
205,20171007,2
205,20171008,2
206,20171003,2
206,20171031,2
207,20171003,1
207,20171031,1
207,20171013,2
207,20171015,2
208,20171015,1
209,20170911,2
209,20171014,2
210,20171014,2
211,20170917,2
211,20171015,2
212,20171014,1
212,20170917,1
212,20171015,1
213,20171014,2
213,20170917,2
213,20171015,2
214,20171002,2
214,20171014,2
214,20170917,2
214,20171015,2
215,20171015,2
216,20170917,1
216,20171015,1
217,20171003,1
217,20171031,1
217,20170917,2
217,20171015,2
218,20171003,2
218,20171031,2
218,20171014,2
219,20171003,2
219,20171031,2
219,20171014,2
219,20171001,1
219,20171029,1
220,20171003,1
220,20171031,1
220,20170917,2
220,20171001,2
220,20171015,2
220,20171029,2
221,20170908,2
221,20171013,2
221,20170916,2
221,20171007,2
221,20171014,2
221,20170917,2
221,20171015,2
222,20171003,1
222,20171013,1
222,20171008,1
223,20171010,1
223,20171004,1
223,20171011,1
223,20171012,1
223,20171013,1
223,20171014,1
224,20170925,2
224,20171002,2
224,20171010,2
224,20171004,2
224,20171011,2
224,20171012,2
224,20171013,2
224,20171014,2
224,20170924,2
224,20171001,2
225,20171031,1
225,20171014,2
225,20170910,2
225,20170924,2
225,20171001,2
225,20171008,2
226,20171003,1
226,20171031,1
226,20170930,2
226,20171014,2
226,20170910,2
226,20170924,2
226,20171001,2
226,20171008,2
227,20170925,2
227,20171002,2
227,20171016,2
227,20171003,2
227,20171031,2
228,20171003,1
228,20171031,1
228,20171001,2
229,20171003,1
229,20171031,1
229,20170917,2
229,20171001,2
230,20170921,1
230,20170922,1
231,20171003,2
231,20171031,2
231,20170921,2
231,20170922,2
232,20171002,2
232,20170917,2
232,20171008,2
233,20170917,2
234,20171007,2
234,20171014,2
234,20170910,2
234,20170917,2
234,20171015,2
235,20170916,1
235,20170917,1
236,20171013,1
236,20171007,1
237,20171013,2
237,20170916,2
237,20171007,2
237,20170910,2
237,20170917,2
238,20171003,1
238,20171013,1
238,20171001,1
238,20171008,1
239,20171003,2
239,20171013,2
239,20170916,2
239,20171014,2
239,20170917,2
239,20171001,2
239,20171008,2
239,20171015,2
240,20170925,1
240,20170924,1
240,20171001,1
241,20170918,2
241,20170925,2
241,20171002,2
241,20171016,2
241,20171014,2
241,20170917,2
241,20170924,2
241,20171001,2
241,20171008,2
242,20170918,1
242,20170917,1
243,20170925,1
243,20171002,1
243,20170924,1
243,20171001,1
244,20170918,2
244,20170925,2
244,20171002,2
244,20171016,2
244,20171003,2
244,20171010,2
244,20171004,2
244,20171011,2
244,20171012,2
244,20171013,2
244,20171014,2
244,20170917,2
244,20170924,2
244,20171001,2
244,20171008,2
245,20171031,1
245,20171014,2
245,20170910,2
245,20170917,2
245,20170924,2
245,20171001,2
245,20171008,2
246,20171003,1
246,20171031,1
246,20171014,2
246,20170910,2
246,20170917,2
246,20171008,2
247,20171016,2
247,20171003,2
247,20171031,2
248,20171003,1
248,20171031,1
248,20170910,2
248,20170917,2
248,20171008,2
248,20171015,2
249,20170910,2
249,20170917,2
250,20171003,1
250,20171031,1
250,20170910,2
250,20170917,2
251,20171002,2
251,20170917,2
252,20170917,2
252,20171015,2
253,20171014,2
253,20170917,2
254,20170916,2
254,20171014,2
254,20170910,2
254,20170917,2
254,20171015,2
255,20170916,2
255,20171007,2
255,20170917,2
256,20171013,2
256,20170916,2
256,20171007,2
256,20170917,2
257,20171003,2
257,20171013,2
257,20170916,2
257,20170923,2
257,20170930,2
257,20170917,2
257,20170924,2
257,20171001,2
257,20171008,2
258,20171002,2
259,20171002,2
259,20171003,2
259,20171031,2
260,20171002,2
260,20171003,2
261,20171002,2
261,20171003,2
261,20171031,2
261,20171104,1
261,20171111,1
261,20171118,1
261,20171125,1
261,20171202,1
261,20171209,1
261,20171105,1
261,20171112,1
261,20171119,1
261,20171126,1
261,20171203,1
262,20171031,1
262,20171104,2
262,20171111,2
262,20171118,2
262,20171125,2
262,20171202,2
262,20171209,2
262,20171105,2
262,20171112,2
262,20171119,2
262,20171126,2
262,20171203,2
263,20171031,1
263,20170923,2
263,20171104,2
263,20171111,2
263,20171118,2
263,20171125,2
263,20171202,2
263,20171209,2
263,20171105,2
263,20171112,2
263,20171119,2
263,20171126,2
263,20171203,2
264,20171031,1
264,20171104,2
264,20171111,2
264,20171118,2
264,20171125,2
264,20171202,2
264,20171209,2
264,20171001,2
264,20171105,2
264,20171112,2
264,20171119,2
264,20171126,2
264,20171203,2
265,20171003,1
265,20171031,1
265,20171104,2
265,20171111,2
265,20171118,2
265,20171125,2
265,20171202,2
265,20171209,2
265,20171001,2
265,20171105,2
265,20171112,2
265,20171119,2
265,20171126,2
265,20171203,2
266,20170930,2
267,20171003,1
267,20171031,1
267,20170923,2
267,20171104,2
267,20171111,2
267,20171118,2
267,20171125,2
267,20171202,2
267,20171209,2
267,20170924,2
267,20171105,2
267,20171112,2
267,20171119,2
267,20171126,2
267,20171203,2
268,20171003,2
268,20171004,2
269,20171003,1
269,20171004,1
270,20171003,1
270,20171031,1
270,20170909,1
270,20170916,1
270,20171007,1
270,20171014,1
270,20171021,1
270,20171028,1
270,20170924,2
270,20171105,2
270,20171112,2
270,20171119,2
270,20171126,2
270,20171203,2
271,20171002,1
271,20171030,1
272,20171002,1
273,20170911,1
273,20170918,1
273,20170925,1
273,20170912,1
273,20170919,1
273,20170926,1
273,20170913,1
273,20170920,1
273,20170927,1
273,20170907,1
273,20170914,1
273,20170921,1
273,20170928,1
273,20170908,1
273,20170915,1
273,20170922,1
273,20170929,1
273,20170909,1
273,20170916,1
273,20170923,1
273,20170930,1
273,20170910,1
273,20170917,1
273,20170924,1
274,20171003,2
274,20171031,2
274,20170909,1
274,20170916,1
274,20170923,1
274,20170930,1
275,20171031,2
275,20170909,1
275,20170916,1
275,20170923,1
275,20170930,1
275,20170910,1
275,20170917,1
275,20170924,1
275,20171001,1
276,20170911,1
276,20170918,1
276,20170925,1
276,20171002,1
276,20170912,1
276,20170919,1
276,20170926,1
276,20171003,1
276,20170913,1
276,20170920,1
276,20170927,1
276,20170907,1
276,20170914,1
276,20170921,1
276,20170928,1
276,20170908,1
276,20170915,1
276,20170922,1
276,20170929,1
276,20170910,1
276,20170917,1
276,20170924,1
276,20171001,1
277,20171031,2
277,20170910,1
277,20170917,1
277,20170924,1
277,20171001,1
278,20171031,2
278,20170910,1
278,20170917,1
278,20170924,1
278,20171001,1
279,20170911,1
279,20170918,1
279,20170925,1
279,20171002,1
279,20170912,1
279,20170919,1
279,20170926,1
279,20171003,1
279,20170913,1
279,20170920,1
279,20170927,1
279,20170907,1
279,20170914,1
279,20170921,1
279,20170928,1
279,20170908,1
279,20170915,1
279,20170922,1
279,20170929,1
279,20170909,1
279,20170916,1
279,20170923,1
279,20170930,1
279,20170910,1
279,20170917,1
279,20170924,1
279,20171001,1
280,20170911,2
280,20170918,2
280,20170925,2
280,20171002,2
280,20170912,2
280,20170919,2
280,20170926,2
280,20171003,2
280,20171031,2
280,20170913,2
280,20170920,2
280,20170927,2
280,20170907,2
280,20170914,2
280,20170921,2
280,20170928,2
280,20170908,2
280,20170915,2
280,20170922,2
280,20170929,2
281,20170918,2
281,20170910,2
281,20170917,2
282,20171003,1
282,20171031,1
282,20170916,2
282,20170910,2
282,20170917,2
283,20171003,1
283,20171031,1
283,20170916,2
283,20170917,2
284,20171003,1
284,20171031,1
284,20170917,2
285,20171003,2
285,20171031,2
285,20170916,2
286,20170916,2
286,20170917,2
287,20170916,2
288,20170909,2
288,20170916,2
288,20170917,2
289,20171003,1
289,20171031,1
289,20170909,2
289,20170916,2
289,20170917,2
290,20170918,2
290,20170916,2
290,20170917,2
291,20170918,1
291,20170916,1
291,20170917,1
292,20170911,1
292,20170912,1
292,20170913,1
292,20170914,1
292,20170915,1
293,20170911,2
293,20170912,2
293,20171003,2
293,20171031,2
293,20170913,2
293,20170914,2
293,20170915,2
294,20170911,2
294,20170912,2
294,20171003,2
294,20171031,2
294,20170914,2
294,20170915,2
295,20170917,1
296,20171003,2
296,20171031,2
296,20170917,1
297,20170908,1
297,20170909,1
298,20170911,2
298,20170912,2
298,20171003,2
298,20171031,2
298,20170913,2
298,20170914,2
298,20170915,2
299,20170911,1
299,20170912,1
299,20170913,1
299,20170914,1
299,20170915,1
299,20170917,1
300,20170911,2
300,20170912,2
300,20170913,2
300,20170914,2
300,20170915,2
300,20170916,2
300,20170917,2
301,20170911,2
301,20170912,2
301,20171003,2
301,20171031,2
301,20170913,2
301,20170914,2
301,20170915,2
301,20170916,2
302,20170911,1
302,20170912,1
302,20170913,1
302,20170914,1
302,20170915,1
302,20170916,1
303,20170910,1
303,20170917,1
304,20170910,1
304,20170917,1
305,20171003,2
305,20171031,2
305,20170910,1
305,20170917,1
306,20171003,2
306,20171031,2
306,20170909,1
306,20170916,1
306,20170910,1
306,20170917,1
307,20171003,1
307,20171031,1
307,20170909,2
307,20170916,2
308,20171003,2
308,20171031,2
308,20170908,2
308,20170909,1
308,20170916,1
309,20171003,2
309,20171031,2
309,20170908,2
310,20170909,2
310,20170916,2
311,20170908,1
311,20170909,1
311,20170916,1
312,20171009,2
312,20171003,2
312,20171031,2
313,20171009,1
314,20171002,2
314,20171009,2
314,20171030,2
314,20171003,2
314,20171010,2
314,20171031,2
314,20171004,2
314,20171011,2
314,20171005,2
314,20171012,2
314,20171006,2
314,20171013,2
315,20171002,1
315,20171009,1
315,20171030,1
315,20171010,1
315,20171004,1
315,20171011,1
315,20171005,1
315,20171012,1
315,20171006,1
315,20171013,1
316,20171002,2
316,20171009,2
316,20171030,2
316,20171003,2
316,20171010,2
316,20171031,2
316,20171004,2
316,20171011,2
316,20171005,2
316,20171012,2
317,20171016,2
317,20171023,2
317,20171003,2
317,20171017,2
317,20171024,2
317,20171031,2
317,20171018,2
317,20171025,2
317,20171019,2
317,20171026,2
317,20171020,2
317,20171027,2
318,20171016,1
318,20171023,1
318,20171017,1
318,20171024,1
318,20171018,1
318,20171025,1
318,20171019,1
318,20171026,1
318,20171020,1
318,20171027,1
319,20171020,2
319,20171027,2
320,20171016,2
320,20171023,2
320,20171003,2
320,20171017,2
320,20171024,2
320,20171031,2
320,20171018,2
320,20171025,2
320,20171019,2
320,20171026,2
321,20171003,2
321,20171017,2
321,20171024,2
321,20171031,2
321,20171019,2
321,20171026,2
322,20171016,2
322,20171023,2
322,20171003,2
322,20171017,2
322,20171024,2
322,20171031,2
322,20171018,2
322,20171025,2
322,20171019,2
322,20171026,2
322,20171020,2
322,20171027,2
323,20171202,1
323,20171209,1
324,20171003,2
324,20171010,2
324,20171031,2
324,20171004,2
324,20171011,2
324,20171005,2
324,20171012,2
325,20171002,2
325,20171009,2
325,20171030,2
326,20171003,2
326,20171010,2
326,20171031,2
326,20171004,2
326,20171011,2
326,20171005,2
326,20171012,2
326,20171006,2
326,20171013,2
328,20170911,1
328,20170918,1
328,20170912,1
328,20170919,1
328,20170913,1
328,20170920,1
328,20170907,1
328,20170914,1
328,20170921,1
328,20170908,1
328,20170915,1
328,20170922,1
329,20170911,2
329,20170918,2
329,20170912,2
329,20170919,2
329,20171003,2
329,20171031,2
329,20170913,2
329,20170920,2
329,20170907,2
329,20170914,2
329,20170921,2
329,20170908,2
329,20170915,2
329,20170922,2
330,20170911,2
330,20170918,2
330,20171002,2
330,20171009,2
330,20171030,2
330,20170912,2
330,20170919,2
330,20171003,2
330,20171010,2
330,20171031,2
330,20170913,2
330,20170920,2
330,20171004,2
330,20171011,2
330,20170907,2
330,20170914,2
330,20170921,2
330,20171005,2
330,20171012,2
330,20170908,2
330,20170915,2
330,20170922,2
330,20171006,2
330,20171013,2
331,20171002,2
331,20171009,2
331,20171030,2
331,20171004,2
331,20171011,2
331,20171006,2
331,20171013,2
332,20171003,2
332,20171010,2
332,20171031,2
332,20171005,2
332,20171012,2
333,20171030,2
333,20171106,2
333,20171113,2
333,20171120,2
333,20171127,2
333,20171204,2
333,20170912,1
333,20170919,1
333,20170926,1
333,20171010,1
333,20171017,1
333,20171024,1
333,20171101,2
333,20171108,2
333,20171115,2
333,20171122,2
333,20171129,2
333,20171206,2
333,20171102,2
333,20171109,2
333,20171116,2
333,20171123,2
333,20171130,2
333,20171207,2
333,20171103,2
333,20171110,2
333,20171117,2
333,20171124,2
333,20171201,2
333,20171208,2
334,20171030,1
334,20171106,1
334,20171113,1
334,20171120,1
334,20171127,1
334,20171204,1
334,20171107,1
334,20171114,1
334,20171121,1
334,20171128,1
334,20171205,1
334,20171101,1
334,20171108,1
334,20171115,1
334,20171122,1
334,20171129,1
334,20171206,1
334,20171102,1
334,20171109,1
334,20171116,1
334,20171123,1
334,20171130,1
334,20171207,1
334,20171103,1
334,20171110,1
334,20171117,1
334,20171124,1
334,20171201,1
334,20171208,1
335,20170911,1
335,20170918,1
335,20170925,1
335,20171016,1
335,20171023,1
335,20170912,1
335,20170919,1
335,20170926,1
335,20171017,1
335,20171024,1
335,20170913,1
335,20170920,1
335,20170927,1
335,20171018,1
335,20171025,1
335,20170907,1
335,20170914,1
335,20170921,1
335,20170928,1
335,20171019,1
335,20171026,1
335,20170908,1
335,20170915,1
335,20170922,1
335,20170929,1
335,20171020,1
335,20171027,1
336,20171106,1
336,20171113,1
336,20171120,1
336,20171127,1
336,20171204,1
336,20171107,1
336,20171114,1
336,20171121,1
336,20171128,1
336,20171205,1
336,20171101,1
336,20171108,1
336,20171115,1
336,20171122,1
336,20171129,1
336,20171206,1
336,20171102,1
336,20171109,1
336,20171116,1
336,20171123,1
336,20171130,1
336,20171207,1
336,20171103,1
336,20171110,1
336,20171117,1
336,20171124,1
336,20171201,1
336,20171208,1
337,20171028,2
337,20171104,2
337,20171111,2
337,20171118,2
337,20171125,2
337,20171202,2
337,20171209,2
338,20170909,2
338,20170916,2
338,20170923,2
338,20170930,2
338,20171007,2
338,20171014,2
338,20171021,2
339,20171030,1
339,20171106,1
339,20171113,1
339,20171120,1
339,20171127,1
339,20171204,1
339,20171107,1
339,20171114,1
339,20171121,1
339,20171128,1
339,20171205,1
339,20171101,1
339,20171108,1
339,20171115,1
339,20171122,1
339,20171129,1
339,20171206,1
339,20171102,1
339,20171109,1
339,20171116,1
339,20171123,1
339,20171130,1
339,20171207,1
339,20171103,1
339,20171110,1
339,20171117,1
339,20171124,1
339,20171201,1
339,20171208,1
339,20170909,2
339,20170916,2
339,20170923,2
339,20170930,2
339,20171007,2
339,20171014,2
339,20171021,2
340,20171030,2
340,20171106,2
340,20171113,2
340,20171120,2
340,20171127,2
340,20171204,2
340,20170912,1
340,20170919,1
340,20170926,1
340,20171010,1
340,20171017,1
340,20171024,1
340,20171101,2
340,20171108,2
340,20171115,2
340,20171122,2
340,20171129,2
340,20171206,2
340,20171102,2
340,20171109,2
340,20171116,2
340,20171123,2
340,20171130,2
340,20171207,2
340,20171103,2
340,20171110,2
340,20171117,2
340,20171124,2
340,20171201,2
340,20171208,2
340,20171028,2
340,20171104,2
340,20171111,2
340,20171118,2
340,20171125,2
340,20171202,2
340,20171209,2
341,20171003,2
341,20171010,2
341,20171031,2
341,20171004,2
341,20171011,2
342,20171006,2
342,20171013,2
343,20170911,1
343,20170918,1
343,20170925,1
343,20171003,2
343,20171010,2
343,20171031,2
343,20170913,1
343,20170920,1
343,20170927,1
343,20170907,1
343,20170914,1
343,20170921,1
343,20170928,1
343,20171006,2
343,20171013,2
344,20170911,1
344,20170918,1
344,20170925,1
344,20171016,1
344,20171023,1
344,20170912,1
344,20170919,1
344,20170926,1
344,20171017,1
344,20171024,1
344,20170913,1
344,20170920,1
344,20170927,1
344,20171018,1
344,20171025,1
344,20170907,1
344,20170914,1
344,20170921,1
344,20170928,1
344,20171019,1
344,20171026,1
345,20171106,1
345,20171113,1
345,20171120,1
345,20171127,1
345,20171204,1
345,20171107,1
345,20171114,1
345,20171121,1
345,20171128,1
345,20171205,1
345,20171101,1
345,20171108,1
345,20171115,1
345,20171122,1
345,20171129,1
345,20171206,1
345,20171102,1
345,20171109,1
345,20171116,1
345,20171123,1
345,20171130,1
345,20171207,1
346,20171202,1
346,20171209,1
347,20171003,2
347,20171031,2
347,20171202,1
347,20171209,1
348,20170924,1
348,20171105,1
349,20170924,1
349,20171105,1
350,20171003,2
350,20171031,2
350,20170924,1
350,20171105,1
351,20171002,2
351,20171009,2
351,20171030,2
351,20171003,2
351,20171010,2
351,20171031,2
351,20171005,2
351,20171012,2
352,20171003,2
352,20171010,2
352,20171031,2
353,20171002,1
353,20171009,1
353,20171010,1
353,20171004,1
353,20171011,1
353,20171005,1
353,20171012,1
353,20171006,1
353,20171013,1
354,20171030,1
355,20171003,1
355,20171029,2
355,20171105,2
355,20171112,2
355,20171119,2
355,20171126,2
355,20171203,2
356,20171031,1
356,20171029,1
356,20171105,1
356,20171112,1
356,20171119,1
356,20171126,1
356,20171203,1
357,20171003,1
357,20171028,2
357,20171104,2
357,20171111,2
357,20171118,2
357,20171125,2
357,20171202,2
357,20171209,2
357,20171029,2
357,20171105,2
357,20171112,2
357,20171119,2
357,20171126,2
357,20171203,2
358,20171030,2
358,20171106,2
358,20171113,2
358,20171120,2
358,20171127,2
358,20171204,2
358,20171031,2
358,20171107,2
358,20171114,2
358,20171121,2
358,20171128,2
358,20171205,2
358,20171101,2
358,20171108,2
358,20171115,2
358,20171122,2
358,20171129,2
358,20171206,2
358,20171102,2
358,20171109,2
358,20171116,2
358,20171123,2
358,20171130,2
358,20171207,2
358,20171103,2
358,20171110,2
358,20171117,2
358,20171124,2
358,20171201,2
358,20171208,2
358,20171028,2
358,20171104,2
358,20171111,2
358,20171118,2
358,20171125,2
358,20171202,2
358,20171209,2
358,20171029,2
358,20171105,2
358,20171112,2
358,20171119,2
358,20171126,2
358,20171203,2
359,20171002,2
359,20171009,2
359,20171030,2
359,20171004,2
359,20171011,2
359,20171005,2
359,20171012,2
360,20170911,1
360,20170918,1
360,20170925,1
360,20170912,1
360,20170919,1
360,20170926,1
360,20170913,1
360,20170920,1
360,20170927,1
360,20170907,1
360,20170914,1
360,20170921,1
360,20170928,1
360,20170908,1
360,20170915,1
360,20170922,1
360,20170929,1
361,20170911,2
361,20170918,2
361,20170925,2
361,20171002,2
361,20171009,2
361,20171030,2
361,20170912,2
361,20170919,2
361,20170926,2
361,20171003,2
361,20171010,2
361,20171031,2
361,20170913,2
361,20170920,2
361,20170927,2
361,20171004,2
361,20171011,2
361,20170907,2
361,20170914,2
361,20170921,2
361,20170928,2
361,20171005,2
361,20171012,2
361,20170908,2
361,20170915,2
361,20170922,2
361,20170929,2
361,20171006,2
361,20171013,2
362,20171002,1
362,20171009,1
362,20171030,1
362,20171010,1
362,20171004,1
362,20171011,1
362,20171005,1
362,20171012,1
362,20171006,1
362,20171013,1
363,20171003,2
363,20171031,2
363,20170910,1
364,20171003,2
364,20171031,2
364,20170910,1
364,20171001,1
364,20171105,1
367,20171002,2
367,20171016,2
367,20171023,2
367,20171003,2
367,20171017,2
367,20171024,2
367,20171031,2
367,20171018,2
367,20171025,2
367,20171019,2
367,20171026,2
367,20171020,2
367,20171027,2
368,20171004,2
368,20171011,2
368,20171006,2
368,20171013,2
369,20171003,2
369,20171010,2
369,20171031,2
369,20171004,2
369,20171011,2
369,20171006,2
369,20171013,2
370,20171002,1
370,20171009,1
370,20171030,1
370,20171010,1
370,20171004,1
370,20171011,1
370,20171005,1
370,20171012,1
371,20171004,2
371,20171011,2
372,20170911,1
372,20170918,1
372,20170925,1
372,20170912,1
372,20170919,1
372,20170926,1
372,20170907,1
372,20170914,1
372,20170921,1
372,20170928,1
372,20170908,1
372,20170915,1
372,20170922,1
372,20170929,1
373,20170913,1
373,20170920,1
373,20170927,1
374,20170911,2
374,20170918,2
374,20170925,2
374,20171002,2
374,20171009,2
374,20171030,2
374,20170912,2
374,20170919,2
374,20170926,2
374,20171003,2
374,20171010,2
374,20171031,2
374,20170907,2
374,20170914,2
374,20170921,2
374,20170928,2
374,20171005,2
374,20171012,2
374,20170908,2
374,20170915,2
374,20170922,2
374,20170929,2
374,20171006,2
374,20171013,2
375,20170913,2
375,20170920,2
375,20170927,2
375,20171004,2
375,20171011,2
376,20170911,2
376,20170918,2
376,20170925,2
376,20171002,2
376,20171009,2
376,20171030,2
376,20170912,2
376,20170919,2
376,20170926,2
376,20171003,2
376,20171010,2
376,20171031,2
376,20171004,2
376,20171011,2
376,20171006,2
376,20171013,2
377,20171002,2
377,20171009,2
377,20171030,2
377,20171005,2
377,20171012,2
378,20171002,2
378,20171009,2
378,20171030,2
378,20171003,2
378,20171010,2
378,20171031,2
378,20171004,2
378,20171011,2
378,20171006,2
378,20171013,2
379,20170911,1
379,20170918,1
379,20170925,1
379,20170912,1
379,20170919,1
379,20170926,1
379,20170913,1
379,20170920,1
379,20170927,1
379,20170907,1
379,20170914,1
379,20170921,1
379,20170928,1
380,20170911,2
380,20170918,2
380,20170925,2
380,20171002,2
380,20171009,2
380,20171030,2
380,20170912,2
380,20170919,2
380,20170926,2
380,20171003,2
380,20171010,2
380,20171031,2
380,20170913,2
380,20170920,2
380,20170927,2
380,20171004,2
380,20171011,2
380,20170907,2
380,20170914,2
380,20170921,2
380,20170928,2
380,20171005,2
380,20171012,2
381,20171002,2
381,20171009,2
381,20171030,2
381,20171003,2
381,20171010,2
381,20171031,2
381,20171006,2
381,20171013,2
382,20171003,2
382,20171010,2
382,20171031,2
382,20171006,2
382,20171013,2
383,20171002,2
383,20171009,2
383,20171030,2
383,20171003,2
383,20171010,2
383,20171031,2
383,20171005,2
383,20171012,2
383,20171006,2
383,20171013,2
384,20171005,2
384,20171012,2
385,20171204,1
385,20171205,1
385,20171206,1
385,20171207,1
385,20171201,1
385,20171208,1
386,20171002,2
386,20171009,2
386,20171030,2
386,20171204,2
386,20171003,2
386,20171010,2
386,20171031,2
386,20171205,2
386,20171004,2
386,20171011,2
386,20171206,2
386,20171005,2
386,20171012,2
386,20171207,2
386,20171006,2
386,20171013,2
386,20171201,2
386,20171208,2
387,20171204,1
387,20171205,1
387,20171206,1
387,20171207,1
388,20171002,2
388,20171009,2
388,20171030,2
388,20171204,2
388,20171003,2
388,20171010,2
388,20171031,2
388,20171205,2
388,20171004,2
388,20171011,2
388,20171206,2
388,20171005,2
388,20171012,2
388,20171207,2
389,20171205,1
389,20171207,1
390,20171003,2
390,20171010,2
390,20171031,2
390,20171205,2
390,20171005,2
390,20171012,2
390,20171207,2
391,20171002,2
391,20171009,2
391,20171030,2
391,20171003,2
391,20171010,2
391,20171031,2
391,20171004,2
391,20171011,2
391,20171005,2
391,20171012,2
391,20170908,2
391,20170915,2
391,20170922,2
391,20170929,2
391,20171006,2
391,20171013,2
392,20170911,2
392,20170918,2
392,20170925,2
392,20171002,2
392,20170912,2
392,20170919,2
392,20170926,2
392,20171003,2
392,20171031,2
392,20170913,2
392,20170920,2
392,20170927,2
392,20171004,2
392,20170907,2
392,20170914,2
392,20170921,2
392,20170928,2
392,20170908,2
392,20170915,2
392,20170922,2
392,20170929,2
392,20171201,2
393,20170911,2
393,20170918,2
393,20170925,2
393,20171002,2
393,20171009,2
393,20170912,2
393,20170919,2
393,20170926,2
393,20171003,2
393,20171010,2
393,20171031,2
393,20170913,2
393,20170920,2
393,20170927,2
393,20171004,2
393,20171011,2
393,20170907,2
393,20170914,2
393,20170921,2
393,20170928,2
393,20171005,2
393,20171012,2
393,20170908,2
393,20170915,2
393,20170922,2
393,20170929,2
393,20171006,2
393,20171013,2
393,20171201,2
394,20171029,1
395,20171003,1
395,20171031,1
395,20171029,2
396,20171003,2
396,20171031,2
396,20171029,1
397,20171029,2
398,20171029,1
399,20171002,2
399,20171009,2
399,20171030,2
399,20171003,2
399,20171010,2
399,20171031,2
399,20171004,2
399,20171011,2
399,20171005,2
399,20171012,2
399,20171006,2
399,20171013,2
400,20170907,1
400,20170908,1
401,20171002,2
401,20171009,2
401,20171030,2
401,20171003,2
401,20171010,2
401,20171031,2
401,20171004,2
401,20171011,2
401,20170907,2
401,20171005,2
401,20171012,2
401,20170908,2
401,20171006,2
401,20171013,2
402,20171007,2
402,20171014,2
403,20170911,1
403,20170918,1
403,20170925,1
403,20171016,1
403,20171023,1
403,20170913,1
403,20170920,1
403,20170927,1
403,20171018,1
403,20171025,1
404,20171106,1
404,20171113,1
404,20171120,1
404,20171127,1
404,20171204,1
404,20171101,1
404,20171108,1
404,20171115,1
404,20171122,1
404,20171129,1
404,20171206,1
405,20171003,2
405,20171010,2
405,20171031,2
405,20171005,2
405,20171012,2
405,20171006,2
405,20171013,2
406,20171104,2
406,20171111,2
406,20171118,2
406,20171125,2
406,20171202,2
406,20171209,2
407,20171104,1
407,20171111,1
407,20171118,1
407,20171125,1
407,20171202,1
407,20171209,1
408,20171002,1
408,20171009,1
408,20171030,1
408,20171003,1
408,20171010,1
408,20171031,1
408,20171004,1
408,20171011,1
408,20171005,1
408,20171012,1
408,20171006,1
408,20171013,1
409,20171004,2
409,20171011,2
409,20171005,2
409,20171012,2
410,20171031,1
410,20170909,2
410,20170916,2
410,20170923,2
410,20170930,2
410,20171007,2
410,20171014,2
410,20171021,2
410,20171029,1
410,20171105,1
410,20171112,1
410,20171119,1
410,20171126,1
410,20171203,1
411,20171002,1
411,20171016,1
411,20171023,1
411,20171017,1
411,20171024,1
411,20171018,1
411,20171025,1
411,20171019,1
411,20171026,1
411,20171020,1
411,20171027,1
412,20171030,1
412,20171106,1
412,20171113,1
412,20171120,1
412,20171127,1
412,20171204,1
412,20171031,1
412,20171107,1
412,20171114,1
412,20171121,1
412,20171128,1
412,20171205,1
412,20171101,1
412,20171108,1
412,20171115,1
412,20171122,1
412,20171129,1
412,20171206,1
412,20171102,1
412,20171109,1
412,20171116,1
412,20171123,1
412,20171130,1
412,20171207,1
412,20171103,1
412,20171110,1
412,20171117,1
412,20171124,1
412,20171201,1
412,20171208,1
412,20170909,2
412,20170916,2
412,20170923,2
412,20170930,2
412,20171007,2
412,20171014,2
412,20171021,2
412,20171029,1
412,20171105,1
412,20171112,1
412,20171119,1
412,20171126,1
412,20171203,1
413,20170911,1
413,20170918,1
413,20170925,1
413,20171002,1
413,20171009,1
413,20170912,1
413,20170919,1
413,20170926,1
413,20171010,1
413,20170913,1
413,20170920,1
413,20170927,1
413,20171004,1
413,20171011,1
413,20170907,1
413,20170914,1
413,20170921,1
413,20170928,1
413,20171005,1
413,20171012,1
413,20170908,1
413,20170915,1
413,20170922,1
413,20170929,1
413,20171006,1
413,20171013,1
414,20171003,1
414,20171105,2
414,20171112,2
414,20171119,2
414,20171126,2
414,20171203,2
415,20171003,1
415,20170909,1
415,20170916,1
415,20170923,1
415,20170930,1
415,20170910,1
415,20170917,1
415,20170924,1
415,20171001,1
416,20171003,1
416,20170909,1
416,20170916,1
416,20170923,1
416,20170930,1
416,20171007,1
416,20170910,1
416,20170917,1
416,20170924,1
416,20171001,1
416,20171008,1
417,20170911,1
417,20170918,1
417,20170925,1
417,20171002,1
417,20171009,1
417,20170912,1
417,20170919,1
417,20170926,1
417,20171003,1
417,20171010,1
417,20170913,1
417,20170920,1
417,20170927,1
417,20171004,1
417,20171011,1
417,20170907,1
417,20170914,1
417,20170921,1
417,20170928,1
417,20171005,1
417,20171012,1
417,20170908,1
417,20170915,1
417,20170922,1
417,20170929,1
417,20171006,1
417,20171013,1
417,20170909,1
417,20170916,1
417,20170923,1
417,20170930,1
417,20171007,1
417,20171014,1
417,20170910,1
417,20170917,1
417,20170924,1
417,20171001,1
417,20171008,1
417,20171015,1
418,20171002,2
418,20171009,2
418,20171030,2
418,20171006,2
418,20171013,2
419,20171016,1
419,20171023,1
419,20171017,1
419,20171024,1
419,20171018,1
419,20171025,1
419,20171019,1
419,20171026,1
419,20171020,1
419,20171027,1
420,20171016,2
420,20171023,2
421,20171003,2
421,20171017,2
421,20171024,2
421,20171031,2
421,20171018,2
421,20171025,2
421,20171019,2
421,20171026,2
421,20171020,2
421,20171027,2
422,20171019,2
422,20171026,2
423,20171016,2
423,20171023,2
423,20171003,2
423,20171017,2
423,20171024,2
423,20171031,2
423,20171018,2
423,20171025,2
423,20171020,2
423,20171027,2
424,20170911,2
424,20170918,2
424,20170925,2
424,20170912,2
424,20170919,2
424,20170926,2
424,20171003,2
424,20171031,2
424,20170913,2
424,20170920,2
424,20170927,2
424,20170907,2
424,20170914,2
424,20170921,2
424,20170928,2
424,20170908,2
424,20170915,2
424,20170922,2
424,20170929,2
425,20170911,1
425,20170918,1
425,20170925,1
425,20170912,1
425,20170919,1
425,20170926,1
425,20170913,1
425,20170920,1
425,20170927,1
425,20170907,1
425,20170914,1
425,20170921,1
425,20170928,1
425,20170908,1
425,20170915,1
425,20170922,1
425,20170929,1
425,20170909,1
425,20170916,1
425,20170923,1
425,20170930,1
426,20170911,2
426,20170918,2
426,20170925,2
426,20170912,2
426,20170919,2
426,20170926,2
426,20171003,2
426,20171031,2
426,20170913,2
426,20170920,2
426,20170927,2
426,20170907,2
426,20170914,2
426,20170921,2
426,20170928,2
426,20170908,2
426,20170915,2
426,20170922,2
426,20170929,2
426,20170909,2
426,20170916,2
426,20170923,2
426,20170930,2
427,20170911,1
427,20170918,1
427,20170925,1
427,20170912,1
427,20170919,1
427,20170926,1
427,20170913,1
427,20170920,1
427,20170927,1
427,20170907,1
427,20170914,1
427,20170921,1
427,20170928,1
427,20170908,1
427,20170915,1
427,20170922,1
427,20170929,1
427,20170909,1
427,20170916,1
427,20170923,1
427,20170930,1
427,20170910,1
427,20170917,1
427,20170924,1
427,20171001,1
428,20170911,2
428,20170918,2
428,20170925,2
428,20170912,2
428,20170919,2
428,20170926,2
428,20170913,2
428,20170920,2
428,20170927,2
428,20170907,2
428,20170914,2
428,20170921,2
428,20170928,2
428,20170908,2
428,20170915,2
428,20170922,2
428,20170929,2
428,20170909,2
428,20170916,2
428,20170923,2
428,20170930,2
428,20170910,2
428,20170917,2
428,20170924,2
428,20171001,2
429,20170911,2
429,20170918,2
429,20170925,2
429,20171016,2
429,20171023,2
429,20171010,1
429,20171107,1
429,20171114,1
429,20171121,1
429,20171128,1
429,20171205,1
429,20170913,2
429,20170920,2
429,20170927,2
429,20171018,2
429,20171025,2
429,20170907,2
429,20170914,2
429,20170921,2
429,20170928,2
429,20171019,2
429,20171026,2
429,20170908,2
429,20170915,2
429,20170922,2
429,20170929,2
429,20171020,2
429,20171027,2
430,20170909,1
430,20170916,1
430,20170923,1
430,20170930,1
431,20171016,1
431,20171023,1
431,20171017,1
431,20171024,1
431,20171018,1
431,20171025,1
431,20171019,1
431,20171026,1
431,20171020,1
431,20171027,1
431,20170909,2
431,20170916,2
431,20170923,2
431,20170930,2
432,20170909,1
432,20170916,1
432,20170923,1
432,20170930,1
432,20170910,1
432,20170917,1
432,20170924,1
432,20171001,1
433,20171003,1
433,20171031,1
433,20170909,2
433,20170916,2
433,20170923,2
433,20170930,2
433,20170910,2
433,20170917,2
433,20170924,2
433,20171001,2
434,20171016,1
434,20171023,1
434,20171003,1
434,20171017,1
434,20171024,1
434,20171031,1
434,20171018,1
434,20171025,1
434,20171019,1
434,20171026,1
434,20171020,1
434,20171027,1
434,20170909,2
434,20170916,2
434,20170923,2
434,20170930,2
434,20170910,2
434,20170917,2
434,20170924,2
434,20171001,2
435,20170908,1
435,20170915,1
435,20170922,1
435,20170929,1
435,20170909,1
435,20170916,1
435,20170923,1
435,20170930,1
436,20170908,2
436,20170915,2
436,20170922,2
436,20170929,2
436,20170909,2
436,20170916,2
436,20170923,2
436,20170930,2
437,20171003,2
437,20171017,2
437,20171024,2
437,20171031,2
438,20171018,2
438,20171025,2
439,20171003,2
439,20171017,2
439,20171024,2
439,20171031,2
439,20171018,2
439,20171025,2
439,20171019,2
439,20171026,2
440,20171016,2
440,20171023,2
440,20171003,2
440,20171017,2
440,20171024,2
440,20171031,2
440,20171018,2
440,20171025,2
441,20171016,1
441,20171023,1
442,20171017,1
442,20171024,1
443,20171018,1
443,20171025,1
444,20171019,1
444,20171026,1
445,20171020,1
445,20171027,1
446,20171021,2
446,20171028,2
447,20171021,1
447,20171028,1
448,20171016,2
448,20171023,2
448,20171018,2
448,20171025,2
448,20171019,2
448,20171026,2
449,20171016,1
449,20171023,1
449,20171003,1
449,20171017,1
449,20171024,1
449,20171031,1
449,20171018,1
449,20171025,1
449,20171019,1
449,20171026,1
449,20171020,1
449,20171027,1
450,20171018,2
450,20171025,2
450,20171019,2
450,20171026,2
453,20171019,2
453,20171026,2
453,20171020,2
453,20171027,2
454,20171106,1
454,20171113,1
454,20171120,1
454,20171127,1
454,20171204,1
454,20171107,1
454,20171114,1
454,20171121,1
454,20171128,1
454,20171205,1
454,20171102,1
454,20171109,1
454,20171116,1
454,20171123,1
454,20171130,1
454,20171207,1
455,20171016,1
455,20171023,1
455,20171003,1
455,20171017,1
455,20171024,1
455,20171018,1
455,20171025,1
455,20171019,1
455,20171026,1
455,20171020,1
455,20171027,1
455,20171104,2
455,20171111,2
455,20171118,2
455,20171125,2
455,20171202,2
455,20171209,2
455,20171105,2
455,20171112,2
455,20171119,2
455,20171126,2
455,20171203,2
456,20171016,1
456,20171023,1
456,20171017,1
456,20171024,1
456,20171018,1
456,20171025,1
456,20171019,1
456,20171026,1
457,20171017,1
457,20171024,1
458,20171003,2
458,20171017,2
458,20171024,2
458,20171031,2
459,20171003,2
459,20171031,2
459,20170907,2
459,20170908,2
460,20170907,2
460,20170908,2
460,20170909,2
460,20170910,2
461,20170907,1
461,20170908,1
461,20170909,1
461,20170910,1
462,20171003,1
462,20170917,1
462,20170924,1
462,20171001,1
462,20171008,1
462,20171015,1
462,20171022,1
463,20171003,1
463,20171031,1
463,20170909,2
463,20170916,2
463,20170923,2
463,20170910,2
463,20170917,2
463,20170924,2
464,20170909,2
464,20170916,2
464,20170923,2
465,20171003,1
465,20171031,1
465,20170910,2
465,20170917,2
465,20170924,2
466,20170911,2
466,20170918,2
466,20170925,2
466,20170912,2
466,20170919,2
466,20170926,2
466,20170913,2
466,20170920,2
466,20170927,2
466,20170907,2
466,20170914,2
466,20170921,2
466,20170928,2
466,20170908,2
466,20170915,2
466,20170922,2
466,20170929,2
466,20170909,2
466,20170916,2
466,20170923,2
466,20170910,2
466,20170917,2
466,20170924,2
467,20171002,1
467,20171030,1
467,20170908,2
467,20170915,2
467,20170922,2
467,20170929,2
467,20170909,2
467,20170916,2
467,20170923,2
468,20170909,1
468,20170916,1
468,20170923,1
469,20170911,2
469,20170918,2
469,20170925,2
469,20170912,2
469,20170919,2
469,20170926,2
469,20170913,2
469,20170920,2
469,20170927,2
469,20170907,2
469,20170914,2
469,20170921,2
469,20170928,2
469,20170908,2
469,20170915,2
469,20170922,2
469,20170929,2
469,20170910,2
469,20170917,2
469,20170924,2
470,20170911,1
470,20170918,1
470,20170925,1
470,20170912,1
470,20170919,1
470,20170926,1
470,20170913,1
470,20170920,1
470,20170927,1
470,20170907,1
470,20170914,1
470,20170921,1
470,20170928,1
470,20170908,1
470,20170915,1
470,20170922,1
470,20170929,1
470,20170910,1
470,20170917,1
470,20170924,1
471,20170909,1
471,20170916,1
471,20170923,1
471,20170910,1
471,20170917,1
471,20170924,1
472,20170910,1
472,20170917,1
472,20170924,1
473,20170911,1
473,20170918,1
473,20170925,1
473,20170912,1
473,20170919,1
473,20170926,1
473,20170913,1
473,20170920,1
473,20170927,1
473,20170907,1
473,20170914,1
473,20170921,1
473,20170928,1
473,20170908,1
473,20170915,1
473,20170922,1
473,20170929,1
473,20170909,1
473,20170916,1
473,20170923,1
473,20170910,1
473,20170917,1
473,20170924,1
474,20170908,1
474,20170915,1
474,20170922,1
474,20170929,1
474,20170909,1
474,20170916,1
474,20170923,1
475,20170911,2
475,20170912,2
475,20171003,2
475,20171031,2
475,20170913,2
475,20170907,2
475,20170914,2
475,20170908,2
475,20170915,2
476,20170911,1
476,20170912,1
476,20170913,1
476,20170907,1
476,20170914,1
476,20170908,1
476,20170915,1
477,20171002,2
477,20171016,2
477,20171023,2
477,20171003,2
477,20171017,2
477,20171024,2
477,20171031,2
477,20171018,2
477,20171025,2
477,20171019,2
477,20171026,2
478,20171127,2
478,20171204,2
478,20171003,2
478,20171031,2
478,20171128,2
478,20171205,2
478,20171129,2
478,20171206,2
478,20171130,2
478,20171207,2
478,20171201,2
478,20171208,2
479,20171127,1
479,20171204,1
479,20171128,1
479,20171205,1
479,20171129,1
479,20171206,1
479,20171130,1
479,20171207,1
479,20171201,1
479,20171208,1
480,20171201,2
480,20171208,2
481,20171201,1
481,20171208,1
482,20171127,2
482,20171204,2
482,20171003,2
482,20171031,2
482,20171128,2
482,20171205,2
482,20171129,2
482,20171206,2
482,20171130,2
482,20171207,2
483,20171127,1
483,20171204,1
483,20171128,1
483,20171205,1
483,20171129,1
483,20171206,1
483,20171130,1
483,20171207,1
484,20171003,2
484,20171031,2
484,20171201,1
484,20171208,1
485,20171030,2
485,20171106,2
485,20171113,2
485,20171120,2
485,20171127,2
485,20171204,2
485,20171031,2
485,20171107,2
485,20171114,2
485,20171121,2
485,20171128,2
485,20171205,2
485,20171101,2
485,20171108,2
485,20171115,2
485,20171122,2
485,20171129,2
485,20171206,2
485,20171102,2
485,20171109,2
485,20171116,2
485,20171123,2
485,20171130,2
485,20171207,2
485,20171103,2
485,20171110,2
485,20171117,2
485,20171124,2
485,20171201,2
485,20171208,2
485,20171104,2
485,20171111,2
485,20171118,2
485,20171125,2
485,20171202,2
485,20171209,2
485,20171029,2
485,20171105,2
485,20171112,2
485,20171119,2
485,20171126,2
485,20171203,2
486,20170909,2
486,20170916,2
486,20170923,2
486,20170930,2
487,20171003,1
487,20171031,1
487,20170910,2
487,20170917,2
487,20170924,2
488,20171003,1
488,20171031,1
488,20170909,2
488,20170916,2
488,20170923,2
488,20170930,2
488,20170910,2
488,20170917,2
488,20170924,2
489,20170909,1
489,20170916,1
489,20170923,1
489,20170930,1
489,20170910,1
489,20170917,1
489,20170924,1
490,20170911,2
490,20170918,2
490,20170925,2
490,20170912,2
490,20170919,2
490,20170926,2
490,20170913,2
490,20170920,2
490,20170927,2
490,20170907,2
490,20170914,2
490,20170921,2
490,20170928,2
490,20170908,2
490,20170915,2
490,20170922,2
490,20170929,2
490,20170909,2
490,20170916,2
490,20170923,2
490,20170930,2
490,20170910,2
490,20170917,2
490,20170924,2
491,20171002,2
491,20171016,2
491,20171023,2
491,20171003,2
491,20171017,2
491,20171024,2
491,20171031,2
491,20171018,2
491,20171025,2
491,20171019,2
491,20171026,2
491,20171020,2
491,20171027,2
492,20170909,1
492,20170916,1
493,20170911,1
493,20170912,1
493,20170913,1
493,20170907,1
493,20170914,1
493,20170908,1
493,20170915,1
493,20170909,1
493,20170916,1
494,20170911,2
494,20171002,2
494,20171016,2
494,20171023,2
494,20170912,2
494,20171003,2
494,20171017,2
494,20171024,2
494,20171031,2
494,20170913,2
494,20171018,2
494,20171025,2
494,20170907,2
494,20170914,2
494,20171019,2
494,20171026,2
494,20170908,2
494,20170915,2
494,20171020,2
494,20171027,2
495,20170911,2
495,20170912,2
495,20171003,2
495,20171031,2
495,20170913,2
495,20170907,2
495,20170914,2
495,20170908,2
495,20170915,2
495,20170909,2
495,20170916,2
496,20170911,2
496,20170912,2
496,20170913,2
496,20170907,2
496,20170914,2
496,20170908,2
496,20170915,2
496,20170909,2
496,20170916,2
496,20170910,2
496,20170917,2
497,20170911,2
497,20171002,2
497,20171030,2
497,20170912,2
497,20170913,2
497,20170907,2
497,20170914,2
497,20170910,2
497,20170917,2
498,20170911,1
498,20170912,1
498,20170913,1
498,20170907,1
498,20170914,1
499,20171002,1
499,20171030,1
499,20170909,2
499,20170916,2
500,20171002,2
500,20171030,2
500,20171003,2
500,20171031,2
501,20171125,2
501,20171202,2
501,20171209,2
502,20171125,1
502,20171202,1
502,20171209,1
503,20171003,1
503,20171031,1
503,20171126,2
503,20171203,2
504,20171126,1
504,20171203,1
505,20171003,1
505,20171031,1
505,20171125,2
505,20171202,2
505,20171209,2
505,20171126,2
505,20171203,2
506,20171125,1
506,20171202,1
506,20171209,1
506,20171126,1
506,20171203,1
507,20171127,2
507,20171204,2
507,20171128,2
507,20171205,2
507,20171129,2
507,20171206,2
507,20171130,2
507,20171207,2
507,20171201,2
507,20171208,2
507,20171125,2
507,20171202,2
507,20171209,2
507,20171126,2
507,20171203,2
508,20171127,1
508,20171204,1
508,20171128,1
508,20171205,1
508,20171129,1
508,20171206,1
508,20171130,1
508,20171207,1
508,20171201,1
508,20171208,1
508,20171125,1
508,20171202,1
508,20171209,1
508,20171126,1
508,20171203,1
509,20170907,1
509,20170908,1
509,20170909,1
510,20171003,2
510,20171031,2
510,20170907,2
510,20170908,2
510,20170909,2
511,20171002,2
511,20171016,2
511,20171023,2
511,20171003,2
511,20171017,2
511,20171024,2
511,20171031,2
511,20171018,2
511,20171025,2
511,20170907,2
511,20171019,2
511,20171026,2
511,20170908,2
511,20171020,2
511,20171027,2
512,20171002,1
512,20171030,1
512,20170908,2
512,20170909,2
513,20171002,1
513,20171030,1
514,20171002,2
514,20171030,2
515,20170911,1
515,20170918,1
515,20170925,1
515,20170912,1
515,20170919,1
515,20170926,1
515,20170913,1
515,20170920,1
515,20170927,1
515,20170907,1
515,20170914,1
515,20170921,1
515,20170928,1
515,20170910,1
515,20170917,1
515,20170924,1
516,20170911,2
516,20170918,2
516,20170925,2
516,20171002,2
516,20171030,2
516,20170912,2
516,20170919,2
516,20170926,2
516,20170913,2
516,20170920,2
516,20170927,2
516,20170907,2
516,20170914,2
516,20170921,2
516,20170928,2
516,20170910,2
516,20170917,2
516,20170924,2
517,20170911,2
517,20170918,2
517,20171002,2
517,20171030,2
517,20170912,2
517,20170919,2
517,20170913,2
517,20170920,2
517,20170907,2
517,20170914,2
517,20170921,2
517,20170910,2
517,20170917,2
517,20170924,2
518,20170911,1
518,20170918,1
518,20170912,1
518,20170919,1
518,20170913,1
518,20170920,1
518,20170907,1
518,20170914,1
518,20170921,1
518,20170910,1
518,20170917,1
518,20170924,1
519,20170911,1
519,20170918,1
519,20170912,1
519,20170919,1
519,20171003,1
519,20171031,1
519,20170913,1
519,20170920,1
519,20170907,1
519,20170914,1
519,20170921,1
520,20170911,2
520,20170918,2
520,20170912,2
520,20170919,2
520,20171003,2
520,20171031,2
520,20170913,2
520,20170920,2
520,20170907,2
520,20170914,2
520,20170921,2
521,20171106,2
521,20171113,2
521,20171120,2
521,20171127,2
521,20171204,2
521,20170912,1
521,20170919,1
521,20170926,1
521,20171010,1
521,20171017,1
521,20171024,1
521,20171101,2
521,20171108,2
521,20171115,2
521,20171122,2
521,20171129,2
521,20171206,2
521,20171102,2
521,20171109,2
521,20171116,2
521,20171123,2
521,20171130,2
521,20171207,2
521,20171103,2
521,20171110,2
521,20171117,2
521,20171124,2
521,20171201,2
521,20171208,2
522,20171106,1
522,20171113,1
522,20171120,1
522,20171127,1
522,20171204,1
522,20171107,1
522,20171114,1
522,20171121,1
522,20171128,1
522,20171205,1
522,20171101,1
522,20171108,1
522,20171115,1
522,20171122,1
522,20171129,1
522,20171206,1
522,20171102,1
522,20171109,1
522,20171116,1
522,20171123,1
522,20171130,1
522,20171207,1
522,20171105,1
522,20171112,1
522,20171119,1
522,20171126,1
522,20171203,1
523,20170911,1
523,20170918,1
523,20170925,1
523,20171009,1
523,20171016,1
523,20171023,1
523,20171107,2
523,20171114,2
523,20171121,2
523,20171128,2
523,20171205,2
523,20171101,2
523,20171108,2
523,20171115,2
523,20171122,2
523,20171129,2
523,20171206,2
523,20171102,2
523,20171109,2
523,20171116,2
523,20171123,2
523,20171130,2
523,20171207,2
523,20171105,2
523,20171112,2
523,20171119,2
523,20171126,2
523,20171203,2
524,20170911,1
524,20170918,1
524,20170912,1
524,20170919,1
524,20170913,1
524,20170920,1
524,20170907,1
524,20170914,1
524,20170921,1
524,20170908,1
524,20170915,1
524,20170922,1
524,20170909,1
524,20170916,1
524,20170923,1
525,20171002,1
525,20171030,1
525,20170909,2
525,20170916,2
525,20170923,2
526,20170908,1
526,20170915,1
526,20170922,1
526,20170909,1
526,20170916,1
526,20170923,1
527,20171002,1
527,20171030,1
527,20171106,1
527,20170909,2
527,20170916,2
527,20170923,2
528,20171003,1
528,20171031,1
528,20170909,2
529,20170910,2
530,20171003,1
530,20171031,1
531,20170907,2
531,20170908,2
531,20170909,2
532,20170923,1
532,20171007,1
532,20170924,1
532,20171008,1
533,20170923,1
533,20171007,1
534,20170922,1
534,20171006,1
534,20170923,1
534,20171007,1
534,20170924,1
534,20171008,1
535,20170918,1
535,20170925,1
535,20171002,1
535,20170919,1
535,20170926,1
535,20171003,1
535,20170920,1
535,20170927,1
535,20171004,1
535,20170921,1
535,20170928,1
535,20171005,1
535,20170922,1
535,20171006,1
535,20170923,1
535,20171007,1
535,20170917,1
535,20170924,1
535,20171001,1
535,20171008,1
536,20170922,1
536,20171006,1
536,20170923,1
536,20171007,1
537,20171003,1
537,20171104,2
537,20171111,2
537,20171118,2
537,20171125,2
537,20171202,2
537,20171209,2
537,20171029,2
537,20171105,2
537,20171112,2
537,20171119,2
537,20171126,2
537,20171203,2
538,20170920,1
538,20170908,1
539,20170920,1
540,20170920,2
540,20170908,2
541,20170908,2
542,20171002,1
542,20171016,1
542,20171023,1
542,20171017,1
542,20171024,1
542,20171018,1
542,20171025,1
542,20171019,1
542,20171026,1
542,20171020,1
542,20171027,1
543,20171106,1
543,20171113,1
543,20171120,1
543,20171127,1
543,20171204,1
543,20170912,2
543,20170919,2
543,20170926,2
543,20171010,2
543,20171017,2
543,20171024,2
543,20171101,1
543,20171108,1
543,20171115,1
543,20171122,1
543,20171129,1
543,20171206,1
543,20171102,1
543,20171109,1
543,20171116,1
543,20171123,1
543,20171130,1
543,20171207,1
544,20171106,2
544,20171113,2
544,20171120,2
544,20171127,2
544,20171204,2
544,20170912,1
544,20170919,1
544,20170926,1
544,20171010,1
544,20171017,1
544,20171024,1
544,20171101,2
544,20171108,2
544,20171115,2
544,20171122,2
544,20171129,2
544,20171206,2
544,20171102,2
544,20171109,2
544,20171116,2
544,20171123,2
544,20171130,2
544,20171207,2
545,20171003,1
545,20171031,1
545,20171111,2
545,20171118,2
545,20171125,2
545,20171202,2
545,20171209,2
545,20171112,2
545,20171119,2
545,20171126,2
545,20171203,2
546,20171031,1
546,20171105,1
546,20171112,1
546,20171119,1
546,20171126,1
546,20171203,1
547,20171031,1
547,20171104,1
547,20171111,1
547,20171118,1
547,20171125,1
547,20171202,1
547,20171209,1
547,20171105,1
547,20171112,1
547,20171119,1
547,20171126,1
547,20171203,1
548,20171030,1
548,20171106,1
548,20171113,1
548,20171120,1
548,20171127,1
548,20171204,1
548,20171031,1
548,20171107,1
548,20171114,1
548,20171121,1
548,20171128,1
548,20171205,1
548,20171101,1
548,20171108,1
548,20171115,1
548,20171122,1
548,20171129,1
548,20171206,1
548,20171102,1
548,20171109,1
548,20171116,1
548,20171123,1
548,20171130,1
548,20171207,1
548,20171103,1
548,20171110,1
548,20171117,1
548,20171124,1
548,20171201,1
548,20171208,1
548,20171104,1
548,20171111,1
548,20171118,1
548,20171125,1
548,20171202,1
548,20171209,1
548,20171105,1
548,20171112,1
548,20171119,1
548,20171126,1
548,20171203,1
549,20171030,2
549,20171106,2
549,20171113,2
549,20171120,2
549,20171127,2
549,20171204,2
549,20171031,2
549,20171107,2
549,20171114,2
549,20171121,2
549,20171128,2
549,20171205,2
549,20171101,2
549,20171108,2
549,20171115,2
549,20171122,2
549,20171129,2
549,20171206,2
549,20171102,2
549,20171109,2
549,20171116,2
549,20171123,2
549,20171130,2
549,20171207,2
549,20171103,2
549,20171110,2
549,20171117,2
549,20171124,2
549,20171201,2
549,20171208,2
549,20171104,2
549,20171111,2
549,20171118,2
549,20171125,2
549,20171202,2
549,20171209,2
549,20171105,2
549,20171112,2
549,20171119,2
549,20171126,2
549,20171203,2
550,20171030,1
550,20171106,1
550,20171113,1
550,20171120,1
550,20171127,1
550,20171204,1
550,20171107,1
550,20171114,1
550,20171121,1
550,20171128,1
550,20171205,1
550,20171101,1
550,20171108,1
550,20171115,1
550,20171122,1
550,20171129,1
550,20171206,1
550,20171102,1
550,20171109,1
550,20171116,1
550,20171123,1
550,20171130,1
550,20171207,1
550,20171103,1
550,20171110,1
550,20171117,1
550,20171124,1
550,20171201,1
550,20171208,1
550,20171104,1
550,20171111,1
550,20171118,1
550,20171125,1
550,20171202,1
550,20171209,1
551,20171030,2
551,20171106,2
551,20171113,2
551,20171120,2
551,20171127,2
551,20171204,2
551,20170912,1
551,20170919,1
551,20170926,1
551,20171010,1
551,20171017,1
551,20171024,1
551,20171101,2
551,20171108,2
551,20171115,2
551,20171122,2
551,20171129,2
551,20171206,2
551,20171102,2
551,20171109,2
551,20171116,2
551,20171123,2
551,20171130,2
551,20171207,2
551,20171103,2
551,20171110,2
551,20171117,2
551,20171124,2
551,20171201,2
551,20171208,2
551,20171104,2
551,20171111,2
551,20171118,2
551,20171125,2
551,20171202,2
551,20171209,2
552,20170910,1
552,20171029,1
553,20170910,1
553,20171029,1
554,20171104,2
554,20171111,2
554,20171118,2
554,20171125,2
554,20171202,2
554,20171209,2
554,20170910,1
554,20171029,1
555,20170911,2
555,20170918,2
555,20170925,2
555,20171002,2
555,20171016,2
555,20171023,2
555,20171010,1
555,20171107,1
555,20171114,1
555,20171121,1
555,20171128,1
555,20171205,1
555,20170913,2
555,20170920,2
555,20170927,2
555,20171018,2
555,20171025,2
555,20170907,2
555,20170914,2
555,20170921,2
555,20170928,2
555,20171019,2
555,20171026,2
555,20170908,2
555,20170915,2
555,20170922,2
555,20170929,2
555,20171020,2
555,20171027,2
556,20171002,2
556,20171003,2
556,20171031,2
556,20171004,2
556,20171005,2
556,20171006,2
557,20170925,2
557,20171002,2
557,20170926,2
557,20171003,2
557,20171031,2
557,20170927,2
557,20171004,2
557,20171005,2
557,20171006,2
558,20170925,2
558,20171002,2
558,20170926,2
558,20171003,2
558,20171031,2
558,20171005,2
558,20171006,2
559,20171031,1
559,20171105,1
559,20171112,1
559,20171119,1
559,20171126,1
559,20171203,1
560,20171016,1
560,20171023,1
560,20171017,1
560,20171024,1
560,20171018,1
560,20171025,1
560,20171019,1
560,20171026,1
561,20171031,2
561,20171104,2
561,20171111,2
561,20171118,2
561,20171125,2
561,20171202,2
561,20171209,2
561,20171105,2
561,20171112,2
561,20171119,2
561,20171126,2
561,20171203,2
562,20171003,2
562,20171017,2
562,20171024,2
562,20171031,2
562,20171018,2
562,20171025,2
563,20171017,1
563,20171024,1
563,20171020,1
563,20171027,1
564,20171016,1
564,20171023,1
564,20171003,2
564,20171031,2
564,20171018,1
564,20171025,1
564,20171019,1
564,20171026,1
564,20171020,1
564,20171027,1
565,20171003,2
565,20171017,2
565,20171024,2
565,20171031,2
565,20171020,2
565,20171027,2
566,20171016,2
566,20171023,2
566,20171018,2
566,20171025,2
566,20171019,2
566,20171026,2
566,20171020,2
566,20171027,2
567,20171016,2
567,20171023,2
567,20171019,2
567,20171026,2
568,20171003,2
568,20171017,2
568,20171024,2
568,20171031,2
568,20171018,2
568,20171025,2
568,20171020,2
568,20171027,2
569,20170911,1
569,20170918,1
569,20170925,1
569,20171002,1
569,20171009,1
569,20171030,1
569,20170912,1
569,20170919,1
569,20170926,1
569,20171010,1
569,20170913,1
569,20170920,1
569,20170927,1
569,20171004,1
569,20171011,1
569,20170907,1
569,20170914,1
569,20170921,1
569,20170928,1
569,20171005,1
569,20171012,1
570,20170911,2
570,20171016,2
570,20171023,2
570,20170912,2
570,20171003,2
570,20171017,2
570,20171024,2
570,20171031,2
570,20170913,2
570,20171018,2
570,20171025,2
570,20170907,2
570,20170914,2
570,20171019,2
570,20171026,2
570,20170908,2
570,20170915,2
570,20171020,2
570,20171027,2
571,20170911,2
571,20170912,2
571,20170913,2
571,20170907,2
571,20170914,2
571,20170908,2
571,20170915,2
571,20170909,2
571,20170910,2
572,20170911,2
572,20170912,2
572,20171003,2
572,20171031,2
572,20170913,2
572,20170907,2
572,20170914,2
572,20170908,2
572,20170915,2
572,20170909,2
573,20170911,1
573,20170912,1
573,20170913,1
573,20170907,1
573,20170914,1
573,20170908,1
573,20170915,1
573,20170909,1
574,20170911,2
574,20171016,2
574,20171023,2
574,20170912,2
574,20171003,2
574,20171017,2
574,20171024,2
574,20171031,2
574,20170913,2
574,20171018,2
574,20171025,2
574,20170907,2
574,20170914,2
574,20171019,2
574,20171026,2
575,20171003,1
575,20171031,1
575,20170917,2
576,20171003,1
576,20171031,1
576,20170916,2
576,20170917,2
577,20170916,2
577,20170910,1
578,20170916,2
578,20170910,1
579,20171003,1
579,20171031,1
579,20170910,2
579,20170917,2
580,20171003,1
580,20171031,1
580,20170909,1
580,20170910,2
580,20170917,2
581,20171003,1
581,20171031,1
581,20170909,1
581,20170917,2
582,20170909,1
582,20170910,1
583,20171003,1
583,20171031,1
583,20170917,2
584,20170910,1
585,20171003,2
585,20171031,2
585,20170916,2
585,20170910,1
586,20170916,2
586,20170917,2
587,20170908,2
588,20171003,1
588,20171031,1
588,20170916,2
588,20170910,2
588,20170917,2
589,20170909,1
589,20170917,2
590,20171031,1
590,20170917,2
591,20171002,1
591,20171030,1
591,20170909,2
591,20170916,2
592,20171002,1
592,20171030,1
592,20170916,2
593,20171002,1
593,20171030,1
593,20170916,2
594,20171002,1
594,20171030,1
594,20170908,2
594,20170909,2
594,20170916,2
595,20171002,1
595,20171030,1
595,20170908,1
595,20170916,2
596,20171003,2
596,20171031,2
596,20170908,2
597,20171003,2
597,20171031,2
597,20170908,2
597,20170909,2
597,20170916,2
598,20171003,2
598,20171031,2
598,20170909,2
598,20170916,2
599,20170916,1
599,20170910,1
599,20170917,1
600,20171003,1
600,20171031,1
600,20170909,2
601,20170908,1
602,20171031,2
602,20170917,1
603,20170917,1
604,20170917,2
605,20171003,1
605,20171031,1
605,20170916,1
606,20170910,2
606,20170917,2
607,20171003,2
607,20171031,2
607,20170916,2
607,20170910,1
608,20171003,2
608,20171031,2
608,20170910,1
609,20171003,2
609,20171031,2
609,20170908,1
610,20170908,1
610,20170909,1
610,20170916,1
610,20170910,1
610,20170917,1
611,20170910,1
611,20170917,1
612,20171002,2
612,20171030,2
612,20170917,2
613,20171003,1
613,20171031,1
613,20170917,2
614,20171003,2
614,20171031,2
614,20170909,2
615,20171003,2
615,20171031,2
615,20170909,2
615,20170916,2
616,20171003,1
616,20171031,1
616,20170908,2
616,20170916,2
616,20170917,2
617,20171003,1
617,20171031,1
617,20170909,1
617,20170917,2
618,20171003,2
618,20171031,2
618,20170916,2
619,20170909,2
619,20170916,2
619,20170910,1
620,20170908,1
620,20170910,1
621,20171002,2
621,20171030,2
621,20171031,2
622,20171003,2
622,20171031,2
622,20170909,1
622,20170916,1
623,20171003,2
623,20171031,2
623,20170916,1
624,20171003,2
624,20171031,2
624,20170909,1
625,20171003,1
625,20171031,1
625,20170909,1
625,20170910,2
626,20170908,1
627,20170908,1
628,20170908,2
628,20170909,1
629,20171003,2
629,20171031,2
629,20170908,1
629,20170909,2
629,20170910,1
630,20171031,2
630,20170909,2
630,20170910,1
631,20171002,1
631,20171030,1
631,20170908,1
631,20170909,2
632,20171002,1
632,20171030,1
632,20170909,2
633,20170908,1
633,20170909,1
633,20170910,1
634,20171003,1
634,20171031,1
634,20170909,1
635,20170909,1
636,20171003,1
636,20171031,1
637,20170908,2
638,20170908,2
639,20170909,1
640,20170909,2
641,20170910,2
642,20170908,2
642,20170909,2
643,20171031,1
643,20170910,2
644,20171002,1
644,20171030,1
644,20170909,2
645,20171003,2
645,20171031,2
645,20170907,2
646,20171003,2
646,20171031,2
646,20170907,2
647,20170907,2
648,20171003,2
648,20171031,2
648,20170907,2
648,20170910,1
649,20171204,1
650,20171003,2
650,20171031,2
650,20170907,2
650,20170909,1
651,20170907,2
651,20170909,2
652,20170910,1
653,20170907,2
654,20171002,1
654,20171030,1
654,20170908,2
655,20171003,2
655,20171031,2
655,20170907,2
655,20170910,1
656,20171003,2
656,20171031,2
656,20170907,2
657,20170910,1
658,20170909,2
658,20170910,1
659,20171003,2
659,20171031,2
659,20170907,2
659,20170908,2
659,20170910,1
660,20170907,2
660,20170908,2
661,20170907,2
661,20170908,2
661,20170910,2
662,20170907,2
662,20170910,2
663,20171003,2
663,20171031,2
663,20170908,2
663,20170910,1
664,20170908,2
664,20170909,2
665,20170908,1
665,20170909,2
666,20171002,2
666,20171030,2
666,20170908,2
